# Time(s) Range(km)  Vel.(km/s)
   0.000 3071.884259 -6.822630
   1.123 3064.398786 -6.822620
   2.160 3056.913601 -6.822601
   3.283 3049.428172 -6.822572
   4.406 3041.942779 -6.822533
   5.443 3034.457705 -6.822485
   6.566 3026.972690 -6.822427
   7.690 3019.487474 -6.822359
   8.726 3012.002336 -6.822280
   9.850 3004.517561 -6.822192
  10.973 2997.032890 -6.822093
  12.010 2989.548060 -6.821985
  13.133 2982.063356 -6.821865
  14.256 2974.579059 -6.821736
  15.379 2967.094911 -6.821596
  16.416 2959.610651 -6.821445
  17.539 2952.126560 -6.821284
  18.662 2944.642925 -6.821112
  19.699 2937.159484 -6.820929
  20.822 2929.675979 -6.820735
  21.946 2922.192692 -6.820530
  22.982 2914.709907 -6.820314
  24.106 2907.227366 -6.820087
  25.229 2899.744809 -6.819849
  26.352 2892.262518 -6.819599
  27.389 2884.780779 -6.819338
  28.512 2877.299334 -6.819065
  29.635 2869.817921 -6.818781
  30.672 2862.336830 -6.818484
  31.795 2854.856340 -6.818176
  32.918 2847.376194 -6.817856
  33.955 2839.896135 -6.817524
  35.078 2832.416446 -6.817180
  36.202 2824.937413 -6.816824
  37.325 2817.458778 -6.816455
  38.362 2809.980282 -6.816074
  39.485 2802.502213 -6.815680
  40.608 2795.024854 -6.815274
  41.645 2787.547947 -6.814854
  42.768 2780.071236 -6.814422
  43.891 2772.595006 -6.813977
  44.928 2765.119543 -6.813519
  46.051 2757.644590 -6.813047
  47.174 2750.169889 -6.812562
  48.298 2742.695730 -6.812064
  49.334 2735.222395 -6.811552
  50.458 2727.749629 -6.811026
  51.581 2720.277177 -6.810487
  52.618 2712.805324 -6.809933
  53.741 2705.334357 -6.809366
  54.864 2697.864020 -6.808784
  55.901 2690.394057 -6.808188
  57.024 2682.924759 -6.807577
  58.147 2675.456409 -6.806952
  59.270 2667.988480 -6.806312
  60.307 2660.521535 -6.805657
  61.430 2653.055045 -6.804987
  62.554 2645.589569 -6.804302
  63.590 2638.124581 -6.803601
  64.714 2630.660641 -6.802885
  65.837 2623.197227 -6.802154
  66.874 2615.734893 -6.801406
  67.997 2608.273116 -6.800643
  69.120 2600.812458 -6.799864
  70.243 2593.352392 -6.799068
  71.280 2585.893478 -6.798256
  72.403 2578.435192 -6.797428
  73.526 2570.978097 -6.796583
  74.563 2563.521668 -6.795721
  75.686 2556.066464 -6.794842
  76.810 2548.611961 -6.793945
  77.846 2541.158725 -6.793032
  78.970 2533.706229 -6.792100
  80.093 2526.255035 -6.791151
  81.130 2518.804620 -6.790185
  82.253 2511.355547 -6.789200
  83.376 2503.907296 -6.788196
  84.499 2496.460153 -6.787175
  85.536 2489.014413 -6.786134
  86.659 2481.569826 -6.785075
  87.782 2474.126140 -6.783997
  88.819 2466.683646 -6.782899
  89.942 2459.242638 -6.781782
  91.066 2451.802867 -6.780646
  92.102 2444.364085 -6.779489
  93.226 2436.926579 -6.778312
  94.349 2429.490648 -6.777116
  95.472 2422.056041 -6.775898
  96.509 2414.622511 -6.774660
  97.632 2407.190348 -6.773401
  98.755 2399.759850 -6.772121
  99.792 2392.330768 -6.770819
 100.915 2384.902858 -6.769496
 102.038 2377.476408 -6.768151
 103.075 2370.051717 -6.766784
 104.198 2362.628540 -6.765394
 105.322 2355.206629 -6.763982
 106.445 2347.786278 -6.762547
 107.482 2340.367786 -6.761089
 108.605 2332.950905 -6.759608
 109.728 2325.535394 -6.758102
 110.765 2318.121547 -6.756573
 111.888 2310.709660 -6.755020
 113.011 2303.299492 -6.753443
 114.048 2295.890796 -6.751840
 115.171 2288.483874 -6.750213
 116.294 2281.079019 -6.748560
 117.418 2273.675992 -6.746882
 118.454 2266.274552 -6.745177
 119.578 2258.874996 -6.743447
 120.701 2251.477621 -6.741690
 121.738 2244.082190 -6.739906
 122.861 2236.688459 -6.738096
 123.984 2229.296732 -6.736257
 125.021 2221.907305 -6.734391
 126.144 2214.519941 -6.732497
 127.267 2207.134402 -6.730574
 128.390 2199.750988 -6.728623
 129.427 2192.370000 -6.726642
 130.550 2184.991201 -6.724632
 131.674 2177.614354 -6.722592
 132.710 2170.239763 -6.720522
 133.834 2162.867728 -6.718421
 134.957 2155.497745 -6.716290
 135.994 2148.130388 -6.714127
 137.117 2140.765154 -6.711932
 138.240 2133.402612 -6.709705
 139.363 2126.042531 -6.707445
 140.400 2118.684680 -6.705153
 141.523 2111.329362 -6.702827
 142.646 2103.976882 -6.700467
 143.683 2096.626741 -6.698073
 144.806 2089.279515 -6.695645
 145.930 2081.934704 -6.693181
 146.966 2074.592882 -6.690682
 148.090 2067.253822 -6.688147
 149.213 2059.917297 -6.685575
 150.250 2052.583614 -6.682967
 151.373 2045.253079 -6.680321
 152.496 2037.925201 -6.677636
 153.619 2030.600557 -6.674914
 154.656 2023.278654 -6.672153
 155.779 2015.960068 -6.669352
 156.902 2008.644577 -6.666511
 157.939 2001.331959 -6.663630
 159.062 1994.022525 -6.660707
 160.186 1986.716318 -6.657743
 161.222 1979.413653 -6.654737
 162.346 1972.114311 -6.651688
 163.469 1964.818071 -6.648596
 164.592 1957.525514 -6.645460
 165.629 1950.236422 -6.642279
 166.752 1942.950577 -6.639053
 167.875 1935.668297 -6.635781
 168.912 1928.389899 -6.632463
 170.035 1921.114899 -6.629098
 171.158 1913.843618 -6.625686
 172.195 1906.576641 -6.622225
 173.318 1899.312954 -6.618714
 174.442 1892.053413 -6.615155
 175.565 1884.797538 -6.611544
 176.602 1877.545653 -6.607883
 177.725 1870.298079 -6.604169
 178.848 1863.054342 -6.600403
 179.885 1855.814767 -6.596584
 181.008 1848.579677 -6.592710
 182.131 1841.348866 -6.588781
 183.168 1834.122132 -6.584797
 184.291 1826.900064 -6.580756
 185.414 1819.682197 -6.576658
 186.538 1812.469122 -6.572501
 187.574 1805.260375 -6.568286
 188.698 1798.056287 -6.564010
 189.821 1790.857451 -6.559674
 190.858 1783.662878 -6.555276
 191.981 1776.473165 -6.550815
 193.104 1769.288645 -6.546290
 194.141 1762.108860 -6.541701
 195.264 1754.934410 -6.537046
 196.387 1747.764839 -6.532325
 197.510 1740.600486 -6.527536
 198.547 1733.441687 -6.522679
 199.670 1726.288255 -6.517752
 200.794 1719.140005 -6.512754
 201.830 1711.997539 -6.507685
 202.954 1704.860414 -6.502542
 204.077 1697.729233 -6.497325
 205.114 1690.603555 -6.492034
 206.237 1683.483724 -6.486665
 207.360 1676.370347 -6.481220
 208.483 1669.262467 -6.475695
 209.520 1662.160691 -6.470091
 210.643 1655.065370 -6.464405
 211.766 1647.976072 -6.458636
 212.803 1640.893148 -6.452784
 213.926 1633.816952 -6.446846
 215.050 1626.747059 -6.440822
 216.086 1619.684082 -6.434709
 217.210 1612.627860 -6.428508
 218.333 1605.578233 -6.422215
 219.370 1598.535819 -6.415830
 220.493 1591.500204 -6.409351
 221.616 1584.471749 -6.402776
 222.739 1577.450818 -6.396105
 223.776 1570.437003 -6.389335
 224.899 1563.431185 -6.382465
 226.022 1556.432445 -6.375493
 227.059 1549.441412 -6.368417
 228.182 1542.458456 -6.361236
 229.306 1535.483180 -6.353948
 230.342 1528.515960 -6.346552
 231.466 1521.557171 -6.339044
 232.589 1514.606426 -6.331424
 233.712 1507.664103 -6.323690
 234.749 1500.730838 -6.315840
 235.872 1493.805742 -6.307870
 236.995 1486.889709 -6.299781
 238.032 1479.982365 -6.291569
 239.155 1473.084099 -6.283233
 240.278 1466.195300 -6.274770
 241.315 1459.315605 -6.266178
 242.438 1452.445660 -6.257455
 243.562 1445.585357 -6.248599
 244.685 1438.734594 -6.239608
 245.722 1431.894023 -6.230478
 246.845 1425.063294 -6.221207
 247.968 1418.242814 -6.211794
 249.005 1411.432992 -6.202236
 250.128 1404.633487 -6.192529
 251.251 1397.844715 -6.182672
 252.288 1391.067338 -6.172663
 253.411 1384.300531 -6.162496
 254.534 1377.545213 -6.152172
 255.658 1370.801063 -6.141686
 256.694 1364.068509 -6.131035
 257.818 1357.347977 -6.120217
 258.941 1350.639162 -6.109229
 259.978 1343.942742 -6.098067
 261.101 1337.258664 -6.086729
 262.224 1330.586880 -6.075211
 263.261 1323.927832 -6.063511
 264.384 1317.281967 -6.051624
 265.507 1310.649004 -6.039547
 266.630 1304.029638 -6.027278
 267.667 1297.423599 -6.014812
 268.790 1290.831347 -6.002146
 269.914 1284.253585 -5.989277
 270.950 1277.689574 -5.976199
 272.074 1271.140026 -5.962911
 273.197 1264.605415 -5.949407
 274.234 1258.085500 -5.935684
 275.357 1251.581002 -5.921739
 276.480 1245.091689 -5.907566
 277.517 1238.618291 -5.893162
 278.640 1232.160824 -5.878522
 279.763 1225.719314 -5.863642
 280.886 1219.294263 -5.848518
 281.923 1212.886177 -5.833145
 283.046 1206.494861 -5.817518
 284.170 1200.121064 -5.801634
 285.206 1193.764605 -5.785486
 286.330 1187.426010 -5.769071
 287.453 1181.106037 -5.752384
 288.490 1174.804060 -5.735418
 289.613 1168.520853 -5.718169
 290.736 1162.256958 -5.700633
 291.859 1156.012233 -5.682803
 292.896 1149.787234 -5.664674
 294.019 1143.582520 -5.646241
 295.142 1137.398197 -5.627499
 296.179 1131.234610 -5.608441
 297.302 1125.091883 -5.589060
 298.426 1118.970598 -5.569353
 299.462 1112.871341 -5.549313
 300.586 1106.794034 -5.528932
 301.709 1100.739276 -5.508206
 302.832 1094.707670 -5.487129
 303.869 1088.699165 -5.465693
 304.992 1082.714816 -5.443894
 306.115 1076.754149 -5.421722
 307.152 1070.818016 -5.399171
 308.275 1064.907051 -5.376237
 309.398 1059.021247 -5.352910
 310.435 1053.161254 -5.329183
 311.558 1047.327728 -5.305052
 312.682 1041.520903 -5.280508
 313.805 1035.741024 -5.255543
 314.842 1029.988981 -5.230150
 315.965 1024.264824 -5.204322
 317.088 1018.569457 -5.178051
 318.125 1012.902950 -5.151329
 319.248 1007.266012 -5.124149
 320.371 1001.659356 -5.096503
 321.408 996.083085 -5.068383
 322.531 990.538133 -5.039782
 323.654 985.024828 -5.010690
 324.778 979.543512 -4.981099
 325.814 974.095138 -4.951003
 326.938 968.679867 -4.920391
 328.061 963.298468 -4.889257
 329.098 957.951714 -4.857592
 330.221 952.639997 -4.825387
 331.344 947.363718 -4.792633
 332.381 942.123872 -4.759323
 333.504 936.920690 -4.725448
 334.627 931.755177 -4.690999
 335.750 926.627589 -4.655968
 336.787 921.538760 -4.620345
 337.910 916.489527 -4.584125
 339.034 911.480181 -4.547296
 340.070 906.511761 -4.509852
 341.194 901.584764 -4.471783
 342.317 896.699700 -4.433081
 343.354 891.857450 -4.393737
 344.477 887.058897 -4.353745
 345.600 882.304406 -4.313095
 346.637 877.595051 -4.271780
 347.760 872.931391 -4.229793
 348.883 868.314001 -4.187123
 350.006 863.743971 -4.143766
 351.043 859.221724 -4.099711
 352.166 854.748197 -4.054954
 353.290 850.324326 -4.009488
 354.326 845.950570 -3.963304
 355.450 841.628038 -3.916398
 356.573 837.357212 -3.868761
 357.610 833.139207 -3.820391
 358.733 828.974676 -3.771279
 359.856 824.864285 -3.721420
 360.979 820.809009 -3.670810
 362.016 816.809821 -3.619446
 363.139 812.867258 -3.567320
 364.262 808.982303 -3.514431
 365.299 805.156074 -3.460779
 366.422 801.388854 -3.406354
 367.546 797.681904 -3.351160
 368.582 794.035799 -3.295191
 369.706 790.451527 -3.238447
 370.829 786.930065 -3.180930
 371.952 783.472005 -3.122637
 372.989 780.078327 -3.063569
 374.112 776.750000 -3.003731
 375.235 773.487746 -2.943122
 376.272 770.292408 -2.881745
 377.395 767.164713 -2.819602
 378.518 764.105617 -2.756698
 379.555 761.116060 -2.693042
 380.678 758.196646 -2.628634
 381.802 755.348307 -2.563483
 382.925 752.572054 -2.497601
 383.962 749.868282 -2.430988
 385.085 747.238086 -2.363659
 386.208 744.682054 -2.295619
 387.245 742.201055 -2.226883
 388.368 739.795934 -2.157464
 389.491 737.467261 -2.087370
 390.528 735.215855 -2.016617
 391.651 733.042509 -1.945222
 392.774 730.947838 -1.873198
 393.898 728.932450 -1.800559
 394.934 726.997158 -1.727327
 396.058 725.142460 -1.653515
 397.181 723.369118 -1.579148
 398.218 721.677603 -1.504239
 399.341 720.068560 -1.428813
 400.464 718.542654 -1.352896
 401.501 717.100195 -1.276499
 402.624 715.741804 -1.199652
 403.747 714.468008 -1.122381
 404.870 713.279167 -1.044705
 405.907 712.175798 -0.966655
 407.030 711.158218 -0.888252
 408.154 710.226838 -0.809524
 409.190 709.382031 -0.730502
 410.314 708.624070 -0.651211
 411.437 707.953212 -0.571676
 412.474 707.369756 -0.491931
 413.597 706.873875 -0.412000
 414.720 706.465779 -0.331915
 415.757 706.145630 -0.251709
 416.880 705.913524 -0.171405
 418.003 705.769570 -0.091042
 419.126 705.713801 -0.010639
 420.163 705.746250 0.069767
 421.286 705.866901 0.150145
 422.410 706.075716 0.230469
 423.446 706.372615 0.310706
 424.570 706.757469 0.390824
 425.693 707.230164 0.470799
 426.730 707.790488 0.550595
 427.853 708.438247 0.630186
 428.976 709.173231 0.709547
 430.099 709.995113 0.788643
 431.136 710.903650 0.867452
 432.259 711.898483 0.945944
 433.382 712.979206 1.024089
 434.419 714.145507 1.101867
 435.542 715.396833 1.179244
 436.666 716.732922 1.256207
 437.702 718.153208 1.332725
 438.826 719.657135 1.408772
 439.949 721.244289 1.484332
 441.072 722.914064 1.559380
 442.109 724.665823 1.633892
 443.232 726.499097 1.707854
 444.355 728.413206 1.781243
 445.392 730.407363 1.854037
 446.515 732.481203 1.926227
 447.638 734.633826 1.997790
 448.675 736.864695 2.068715
 449.798 739.173022 2.138985
 450.922 741.557991 2.208584
 452.045 744.019037 2.277503
 453.082 746.555224 2.345726
 454.205 749.165873 2.413243
 455.328 751.850305 2.480048
 456.365 754.607533 2.546125
 457.488 757.436959 2.611472
 458.611 760.337674 2.676077
 459.648 763.308753 2.739933
 460.771 766.349588 2.803037
 461.894 769.459243 2.865383
 463.018 772.636646 2.926960
 464.054 775.881424 2.987775
 465.178 779.192504 3.047819
 466.301 782.568913 3.107090
 467.338 786.010052 3.165588
 468.461 789.514818 3.223310
 469.584 793.082619 3.280260
 470.621 796.712343 3.336432
 471.744 800.403271 3.391831
 472.867 804.154693 3.446461
 473.990 807.965629 3.500320
 475.027 811.835093 3.553410
 476.150 815.762528 3.605737
 477.274 819.746810 3.657302
 478.310 823.787399 3.708113
 479.434 827.883321 3.758171
 480.557 832.033448 3.807477
 481.594 836.237571 3.856046
 482.717 840.494576 3.903877
 483.840 844.803498 3.950975
 484.877 849.163856 3.997351
 486.000 853.574537 4.043006
 487.123 858.035081 4.087951
 488.246 862.544383 4.132189
 489.283 867.101836 4.175730
 490.406 871.706849 4.218582
 491.530 876.358502 4.260751
 492.566 881.055876 4.302243
 493.690 885.798580 4.343069
 494.813 890.585714 4.383236
 495.850 895.416382 4.422750
 496.973 900.290226 4.461622
 498.096 905.206008 4.499856
 499.219 910.163756 4.537466
 500.256 915.162428 4.574458
 501.379 920.201351 4.610840
 502.502 925.279486 4.646618
 503.539 930.396923 4.681805
 504.662 935.552645 4.716409
 505.786 940.745633 4.750433
 506.822 945.976407 4.783896
 507.946 951.242814 4.816794
 509.069 956.545401 4.849145
 510.192 961.883183 4.880954
 511.229 967.255176 4.912226
 512.352 972.661586 4.942976
 513.475 978.101449 4.973209
 514.512 983.574203 5.002934
 515.635 989.078889 5.032155
 516.758 994.616177 5.060889
 517.795 1000.183908 5.089135
 518.918 1005.782365 5.116905
 520.042 1011.411857 5.144210
 521.165 1017.070224 5.171051
 522.202 1022.758207 5.197441
 523.325 1028.474480 5.223385
 524.448 1034.219818 5.248895
 525.485 1039.992063 5.273972
 526.608 1045.792012 5.298628
 527.731 1051.618784 5.322869
 528.768 1057.471498 5.346701
 529.891 1063.350569 5.370133
 531.014 1069.255132 5.393172
 532.138 1075.184760 5.415824
 533.174 1081.138594 5.438095
 534.298 1087.117534 5.459995
 535.421 1093.119420 5.481526
 536.458 1099.145172 5.502699
 537.581 1105.193959 5.523518
 538.704 1111.264951 5.543988
 539.741 1117.358660 5.564118
 540.864 1123.474271 5.583914
 541.987 1129.611420 5.603381
 543.024 1135.769297 5.622523
 544.147 1141.948454 5.641350
 545.270 1148.148096 5.659865
 546.394 1154.367426 5.678074
 547.430 1160.607026 5.695983
 548.554 1166.866113 5.713597
 549.677 1173.144366 5.730922
 550.714 1179.441008 5.747962
 551.837 1185.757119 5.764725
 552.960 1192.090541 5.781211
 553.997 1198.441902 5.797429
 555.120 1204.811845 5.813385
 556.243 1211.198215 5.829079
 557.366 1217.602132 5.844519
 558.403 1224.022852 5.859709
 559.526 1230.460103 5.874654
 560.650 1236.913144 5.889357
 561.686 1243.382660 5.903824
 562.810 1249.867921 5.918058
 563.933 1256.368196 5.932064
 564.970 1262.884191 5.945846
 566.093 1269.415186 5.959408
 567.216 1275.960942 5.972754
 568.339 1282.520742 5.985886
 569.376 1289.095800 5.998812
 570.499 1295.683961 6.011532
 571.622 1302.286450 6.024051
 572.659 1308.902566 6.036373
 573.782 1315.531608 6.048500
 574.906 1322.174337 6.060438
 575.942 1328.830061 6.072188
 577.066 1335.498575 6.083755
 578.189 1342.179190 6.095140
 579.312 1348.873181 6.106349
 580.349 1355.578390 6.117383
 581.472 1362.295611 6.128246
 582.595 1369.025150 6.138941
 583.632 1375.766333 6.149472
 584.755 1382.518980 6.159840
 585.878 1389.282418 6.170047
 586.915 1396.057964 6.180100
 588.038 1402.843458 6.189997
 589.162 1409.639728 6.199743
 590.285 1416.447607 6.209342
 591.322 1423.264937 6.218794
 592.445 1430.093059 6.228102
 593.568 1436.931315 6.237270
 594.605 1443.779554 6.246299
 595.728 1450.637121 6.255191
 596.851 1457.505377 6.263950
 597.888 1464.382162 6.272577
 599.011 1471.268340 6.281074
 600.134 1478.164782 6.289445
 601.258 1485.069326 6.297689
 602.294 1491.983356 6.305812
 603.418 1498.905722 6.313813
 604.541 1505.837818 6.321696
 605.578 1512.777481 6.329461
 606.701 1519.726110 6.337112
 607.824 1526.683070 6.344650
 608.861 1533.647728 6.352076
 609.984 1540.620985 6.359393
 611.107 1547.602211 6.366603
 612.144 1554.591289 6.373707
 613.267 1561.587591 6.380707
 614.390 1568.592543 6.387605
 615.514 1575.603980 6.394401
 616.550 1582.622820 6.401099
 617.674 1589.649984 6.407700
 618.797 1596.683307 6.414205
 619.834 1603.724230 6.420615
 620.957 1610.772136 6.426933
 622.080 1617.826923 6.433160
 623.117 1624.887974 6.439296
 624.240 1631.955708 6.445344
 625.363 1639.031068 6.451306
 626.486 1646.111883 6.457181
 627.523 1653.199618 6.462972
 628.646 1660.293660 6.468681
 629.770 1667.393921 6.474308
 630.806 1674.499790 6.479854
 631.930 1681.612744 6.485322
 633.053 1688.730609 6.490711
 634.090 1695.854345 6.496023
 635.213 1702.984913 6.501261
 636.336 1710.120140 6.506423
 637.459 1717.261515 6.511513
 638.496 1724.408434 6.516530
 639.619 1731.560819 6.521477
 640.742 1738.718067 6.526353
 641.779 1745.881678 6.531161
 642.902 1753.049476 6.535901
 644.026 1760.222436 6.540573
 645.062 1767.401013 6.545181
 646.186 1774.584610 6.549723
 647.309 1781.773155 6.554201
 648.432 1788.966051 6.558617
 649.469 1796.164813 6.562971
 650.592 1803.367262 6.567263
 651.715 1810.574387 6.571495
 652.752 1817.787180 6.575668
 653.875 1825.003461 6.579782
 654.998 1832.224754 6.583839
 656.035 1839.450466 6.587839
 657.158 1846.680537 6.591783
 658.282 1853.914374 6.595672
 659.405 1861.152978 6.599507
 660.442 1868.395760 6.603288
 661.565 1875.642129 6.607016
 662.688 1882.893092 6.610692
 663.725 1890.148059 6.614316
 664.848 1897.406976 6.617890
 665.971 1904.669254 6.621414
 667.008 1911.936436 6.624890
 668.131 1919.206339 6.628316
 669.254 1926.479974 6.631694
 670.378 1933.758357 6.635026
 671.414 1941.039301 6.638310
 672.538 1948.324358 6.641549
 673.661 1955.612944 6.644742
 674.698 1962.905009 6.647891
 675.821 1970.199969 6.650996
 676.944 1977.499382 6.654057
 677.981 1984.801060 6.657075
 679.104 1992.106025 6.660051
 680.227 1999.415304 6.662986
 681.264 2006.726708 6.665879
 682.387 2014.041799 6.668731
 683.510 2021.359462 6.671543
 684.634 2028.681262 6.674316
 685.670 2036.005008 6.677050
 686.794 2043.331732 6.679745
 687.917 2050.662467 6.682402
 688.954 2057.995021 6.685021
 690.077 2065.330966 6.687603
 691.200 2072.669724 6.690149
 692.237 2080.011256 6.692659
 693.360 2087.354983 6.695133
 694.483 2094.701943 6.697571
 695.606 2102.051560 6.699975
 696.643 2109.403256 6.702345
 697.766 2116.758612 6.704681
 698.890 2124.115433 6.706983
 699.926 2131.475302 6.709252
 701.050 2138.837642 6.711489
 702.173 2146.202418 6.713693
 703.210 2153.569055 6.715865
 704.333 2160.938058 6.718006
 705.456 2168.310473 6.720116
 706.579 2175.684106 6.722195
 707.616 2183.060543 6.724244
 708.739 2190.439212 6.726263
 709.862 2197.820080 6.728252
 710.899 2205.202573 6.730212
 712.022 2212.588284 6.732144
 713.146 2219.975015 6.734046
 714.182 2227.363817 6.735921
 715.306 2234.755744 6.737767
 716.429 2242.148599 6.739586
 717.552 2249.543976 6.741378
 718.589 2256.941304 6.743143
 719.712 2264.340555 6.744882
 720.835 2271.741155 6.746594
 721.872 2279.144163 6.748280
 722.995 2286.549006 6.749940
 724.118 2293.955113 6.751575
 725.155 2301.363545 6.753186
 726.278 2308.773729 6.754771
 727.402 2316.185638 6.756331
 728.525 2323.598703 6.757868
 729.562 2331.013984 6.759380
 730.685 2338.430912 6.760869
 731.808 2345.848916 6.762334
 732.845 2353.269603 6.763777
 733.968 2360.690772 6.765196
 735.091 2368.114029 6.766592
 736.128 2375.538807 6.767967
 737.251 2382.965080 6.769319
 738.374 2390.392279 6.770649
 739.498 2397.821470 6.771957
 740.534 2405.252085 6.773244
 741.658 2412.683556 6.774510
 742.781 2420.116948 6.775754
 743.818 2427.551695 6.776978
 744.941 2434.987773 6.778182
 746.064 2442.424615 6.779364
 747.101 2449.863834 6.780527
 748.224 2457.303228 6.781670
 749.347 2464.743864 6.782794
 750.384 2472.186814 6.783897
 751.507 2479.629872 6.784982
 752.630 2487.074655 6.786047
 753.754 2494.520597 6.787094
 754.790 2501.967677 6.788121
 755.914 2509.415328 6.789131
 757.037 2516.864623 6.790122
 758.074 2524.314995 6.791094
 759.197 2531.765877 6.792049
 760.320 2539.218891 6.792986
 761.357 2546.671829 6.793906
 762.480 2554.126314 6.794808
 763.603 2561.581232 6.795692
 764.726 2569.037658 6.796560
 765.763 2576.495027 6.797411
 766.886 2583.952772 6.798245
 768.010 2591.412518 6.799062
 769.046 2598.872058 6.799863
 770.170 2606.333014 6.800648
 771.293 2613.794823 6.801417
 772.330 2621.257466 6.802169
 773.453 2628.720379 6.802906
 774.576 2636.184639 6.803628
 775.699 2643.649682 6.804333
 776.736 2651.114944 6.805024
 777.859 2658.582049 6.805699
 778.982 2666.048792 6.806359
 780.019 2673.516798 6.807004
 781.142 2680.985504 6.807634
 782.266 2688.454894 6.808250
 783.302 2695.924403 6.808851
 784.426 2703.394564 6.809438
 785.549 2710.866457 6.810011
 786.672 2718.337874 6.810569
 787.709 2725.810444 6.811113
 788.832 2733.283604 6.811644
 789.955 2740.757339 6.812161
 790.992 2748.231084 6.812664
 792.115 2755.705923 6.813154
 793.238 2763.181291 6.813630
 794.275 2770.656626 6.814093
 795.398 2778.133559 6.814543
 796.522 2785.609882 6.814980
 797.645 2793.087225 6.815403
 798.682 2800.565025 6.815815
 799.805 2808.042722 6.816213
 800.928 2815.521397 6.816599
 801.965 2823.000489 6.816972
 803.088 2830.479983 6.817333
 804.211 2837.959318 6.817682
 805.248 2845.439577 6.818018
 806.371 2852.920199 6.818342
 807.494 2860.401170 6.818655
 808.618 2867.881929 6.818955
 809.654 2875.363560 6.819244
 810.778 2882.845501 6.819521
 811.901 2890.327191 6.819787
 812.938 2897.810263 6.820041
 814.061 2905.292511 6.820284
 815.184 2912.775567 6.820515
 816.221 2920.258871 6.820735
 817.344 2927.742411 6.820944
 818.467 2935.225624 6.821142
 819.504 2942.709598 6.821329
 820.627 2950.193772 6.821505
 821.750 2957.677583 6.821671
 822.874 2965.162668 6.821826
 823.910 2972.646820 6.821970
 825.034 2980.131672 6.822103
 826.157 2987.616117 6.822227
 827.194 2995.101240 6.822339
 828.317 3002.586481 6.822442
 829.440 3010.071280 6.822534
 830.477 3017.557273 6.822617
 831.600 3025.042252 6.822689
 832.723 3032.527854 6.822751
 833.846 3040.013519 6.822803
 834.883 3047.498687 6.822846
 836.006 3054.984446 6.822879
 837.130 3062.470235 6.822902
